0.974616
0.907156
0.871018
0.845094
0.822372
0.800468
0.778760
0.757285
0.736287
0.716024
0.696693
0.678396
0.661132
0.644799
0.629199
0.614038
0.598919
0.583313
0.566520
0.547611
0.525362
0.498276
0.464851
0.424386
0.378255
0.330453
0.286051
0.248312
0.217501
0.192383
0.171680
0.154422
0.139889
0.127534
0.116938
0.107774
0.099786
0.092773
0.086576
0.081067
0.076142
0.071716
0.067721
0.064100
0.060803
0.057793
0.055033
0.052495
0.050156
0.047992
0.045987
0.044124
0.042389
0.040769
0.039255
0.037836
0.036505
0.035253
0.034075
0.032964
0.031914
0.030922
0.029983
0.029092
0.028246
0.027443
0.026679
0.025951
0.025257
0.024595
0.023963
0.023359
0.022781
0.022228
0.021698
0.021189
0.020701
0.020233
0.019782
0.019349
0.018933
0.018531
0.018145
0.017772
0.017413
0.017066
0.016731
0.016408
0.016095
0.015793
0.015500
0.015217
0.014943
0.014678
0.014420
0.014171
0.013929
0.013694
0.013466
0.013245
0.013030
0.012821
0.012617
0.012420
0.012228
0.012041
0.011859
0.011682
0.011509
0.011341
0.011177
0.011018
0.010862
0.010710
0.010562
0.010417
0.010276
0.010139
0.010004
0.009873
