This is the raw data file for the forecasting simulation 

Columns are as follows:
Date--S&PHigh--S&PLo--NYSEA/D--NASDAQA/D--NYSENewH/L--NASDAQNewH/L--NYSEV--NYSEA/DV--NASDAQV--NASDAQA/DV--3MoTBill-30YrTBo--Gold--S&PClose

800104	107.08	105.09	415.333	271.667	7.83333	8.66667	39130	3983.75	23480	1826	12.11	9.64	588.0	106.52
800111	111.16	108.89	321.667	224.333	24.8333	24.1667	52890	3643.75	28310	2125.5	11.94	9.73	623.0	109.92
800118	111.74	109.88	237.667	188	13.3333	21.1667	47150	2671.25	31880	1668	11.90	9.80	835.0	111.07
800125	114.45	112.36	220	171.667	19.8333	18.8333	47100	2541.25	25590	1562.88	12.19	9.93	668.0	113.61
800201	115.54	113.13	259.333	170.333	11.8333	19.8333	46610	3242.5	31140	1869.63	12.04	10.20	676.5	115.12
800208	118.66	115.72	292.667	219	30.8333	33	57860	4443.75	36100	2622.38	12.09	10.48	692.0	117.95
800215	116.70	114.12	127.333	99	2.33333	6.83333	46680	1461.25	23590	700.875	12.31	10.96	667.0	115.41
800222	116.46	113.43	124.667	95	4	8.16667	48210	1915	22780	796.375	13.16	11.25	630.0	115.04
800229	114.12	111.77	309.667	150.667	3.16667	9.66667	38810	3380	20210	1096.13	13.70	12.14	637.0	113.66
800307	108.96	105.99	116.333	57.6667	0	0.666667	50950	1501.25	19880	355.75	15.14	12.10	609.0	106.90
800314	106.49	104.01	201.333	105.667	0.333333	1	35180	1590	15410	448.625	15.38	12.01	523.0	105.43
800321	103.73	101.55	159.333	92	0.833333	0.833333	32220	938.75	13730	396.875	15.05	11.73	525.0	102.31
800328	101.43	97.72	467	369.333	0.333333	1.33333	46720	5135	21360	2154.13	16.53	11.67	490.0	100.68
800403	103.34	101.31	239.333	145.333	1	1	27970	1405	11550	425.875	15.04	12.06	485.7	102.15
800411	105.15	103.20	321	207.667	1.5	3.66667	29960	1758.75	12460	624.625	14.42	11.81	530.5	103.79
800418	102.07	99.97	265.333	154.667	1	2.33333	26880	1226.25	11870	409.875	13.82	11.23	515.6	100.55
800425	105.57	103.02	220.667	96.3333	1.5	2.33333	28590	1787.5	14920	305.375	12.73	10.59	551.5	105.16
800502	106.25	104.61	249	155.333	2.16667	2.33333	28040	1788.75	12440	567.75	10.79	10.42	512.5	105.58
800509	106.20	104.18	170.333	123.333	1.5	4.66667	30280	771.25	13610	369.375	9.73	10.15	508.2	104.72
800516	107.89	106.25	278.333	173.667	4.5	6.83333	31710	1912.5	14340	718.125	8.60	9.70	516.5	107.35
800523	111.37	109.01	402.333	272.333	8.66667	12.3333	45790	4356.25	15940	1115.5	8.95	9.87	511.2	110.62
800530	111.55	108.87	279	148.333	3.5	6.16667	34820	2842.5	15950	804	7.68	9.86	535.5	111.24
800606	114.01	112.11	304.333	163.333	10.8333	15	37230	2881.25	17500	950.125	8.04	9.77	617.9	113.20
800613	116.94	114.67	365.667	211.667	11.8333	15	41880	3483.75	17710	1116.25	6.50	9.73	608.4	115.31
800620	114.90	113.12	187.667	110.333	3.5	10	36530	1638.75	17750	779.75	6.37	9.31	602.9	114.06
800627	116.93	115.06	222	143.667	4.5	11	33110	1708.75	18630	1012.63	7.08	9.13	637.5	116.00
800703	117.80	115.49	384	242	15.6667	20.1667	47230	4657.5	23310	1882.13	8.15	9.40	663.5	117.48
800711	118.38	116.29	304.667	197.333	10.8333	19	38310	2858.75	21130	1136.25	8.21	9.69	667.0	117.84
800718	123.19	120.88	317.667	260.667	32.5	38.1667	58040	4156.25	27730	1592.75	8.17	9.77	606.0	122.04
800725	121.96	119.94	156.333	147	6.66667	20.3333	36250	1090	21220	823.625	7.88	9.80	651.7	120.78
800801	122.38	120.08	258	206	19	29	46440	2615	22560	1067.13	8.22	9.80	622.0	121.21
800808	125.23	122.82	302.333	225	38.5	33.6667	58860	3927.5	26570	1254.75	8.88	10.13	630.0	123.61
800815	126.61	124.57	285	244	26.5	32	47780	3025	28780	1565	8.72	10.27	624.5	125.72
800822	127.78	125.18	335.667	281.667	34	40.1667	58210	4485	34580	2190.5	9.41	10.46	639.2	126.02
800829	123.01	121.06	251	197.667	7.16667	22.1667	33510	2257.5	24870	1653.25	10.03	10.61	631.2	122.38
800905	126.12	124.08	236.667	191.333	14.3333	26.3333	37990	1806.25	33130	2025.38	10.12	10.84	651.0	124.88
800912	126.75	124.72	271.333	261.667	30	41.6667	47180	2606.25	36870	2434.25	10.06	10.62	685.5	125.54
800919	130.33	127.57	323.333	274.667	32.3333	42.5	53780	4218.75	39410	2558.75	10.64	10.72	674.0	129.25
800926	128.17	125.29	65.3333	72	1.33333	10.8333	49460	423.75	35960	754.875	10.46	10.95	698.7	126.35
801003	130.44	127.65	375.333	287.333	14	22.6667	47510	4297.5	31430	2351.13	11.52	11.22	660.5	129.33
801010	132.15	129.58	198.667	194	12	28.5	44040	1952.5	40120	2696.63	11.30	11.27	685.2	130.29
801017	133.07	130.22	177	142.333	5	13.5	43920	1762.5	39330	1920.5	11.34	10.93	670.5	131.52
801024	130.55	128.04	239	196.667	5.5	14.1667	41050	2507.5	36900	1974	11.41	10.90	633.0	129.85
801031	128.24	125.29	307.333	178.333	3.16667	11.1667	40110	3265	31660	1376.75	12.33	11.21	629.0	127.47
801107	130.08	127.74	202	142	3.33333	12.5	40070	2230	29000	1029.38	13.34	11.74	596.0	129.18
801114	138.96	135.12	289.667	274	39.5	38	71630	4982.5	46850	3119.5	13.51	11.94	612.5	137.15
801121	141.24	138.10	169.333	183.333	20.5	30.8333	55950	1742.5	50080	2108.38	14.31	11.82	634.7	139.11
801128	141.54	139.00	236.333	207	18.1667	28.3333	34240	1951.25	31570	2166	14.38	11.77	626.0	140.52
801205	136.37	132.91	129	89.6667	4.16667	11.1667	51990	855	45210	1530.38	14.65	11.80	617.0	134.03
801212	129.98	127.15	351	290.333	1	2.66667	39530	3591.25	29740	1991.38	16.34	11.92	562.7	129.13
801219	134.00	131.80	361.667	274.333	6.33333	8.83333	50770	3923.75	28990	1581.88	16.67	12.25	575.0	133.70
801226	137.02	135.20	283.333	186	6.5	7.16667	16130	1161.25	12610	594.5	14.99	12.15	601.0	136.57
810102	137.10	134.61	353.667	226.667	9.5	12.5	28870	2195	19720	1137.75	13.91	11.38	586.0	136.34
810109	134.76	131.71	303	279.333	4	8.16667	50190	3618.75	37400	2799.25	13.60	11.49	577.7	133.48
810116	135.91	133.35	293.333	240.667	7	0	43260	2903.75	32990	2000.25	15.32	11.39	560.7	134.77
810123	131.34	129.00	227.667	173.667	4	8.66667	37220	2072.5	26600	1108	15.60	11.62	553.0	130.23
810130	131.65	128.61	242.333	188.667	7.66667	9.66667	41160	2105	29670	1316	15.20	11.79	506.5	129.55
810206	131.81	129.03	325.667	278.333	7.16667	11.6667	45820	3658.75	31540	2214.38	14.66	11.80	500.5	130.60
810213	128.34	126.04	178.667	140	3	6.33333	33360	1315	23320	749.625	15.40	12.02	491.5	126.98
810220	127.65	124.66	213	153.667	3	4.83333	41900	1928.75	27420	823.125	15.46	12.41	511.5	126.58
810227	132.02	129.35	344	258.333	17.6667	11	53210	4545	28630	1647.5	14.10	12.21	489.0	131.27
810306	131.18	128.56	265.333	207.667	9.5	11.1667	43940	2600	30910	1315.25	14.46	12.32	467.0	129.85
810313	135.53	132.39	326	272	23.6667	16.8333	68290	4851.25	34290	1784.88	14.00	12.42	492.0	133.11
810320	135.29	132.50	352.667	273.667	28.1667	22	61980	5231.25	33980	2095.38	12.76	12.07	516.7	134.08
810327	136.89	133.91	166	139	13	14.8333	46930	1526.25	32110	1118.75	12.70	11.77	538.7	134.65
810403	137.04	134.67	212.667	221	15.5	34.6667	48680	2191.38	33800	1897	12.50	12.29	523.0	135.49
810410	136.23	133.18	283.667	251	25	39.3333	58130	3937.5	33960	1841	14.15	12.25	493.5	134.51
810416	135.82	133.43	313.333	291.333	24.3333	44.3333	52950	3747.5	40080	2394.63	13.78	12.56	482.5	134.70
810424	136.00	132.88	317.667	272	21.1667	44.8333	60000	5065	38100	2172.63	13.55	12.66	494.5	135.14
810501	134.17	131.43	197	184.333	6	21.1667	48360	2358.75	33690	1720.13	14.19	12.65	487.5	132.72
810508	132.69	130.84	277	267	3.83333	16.3333	41860	2542.5	31510	1848.88	15.96	12.89	485.7	131.66
810515	133.21	130.75	334.333	252.333	11.5	23	45460	3827.5	33490	1709.5	16.43	13.28	485.0	132.17
810522	132.65	130.42	262.667	217	11.5	24.1667	40710	2512.5	28920	1631.13	16.03	13.13	472.7	131.33
810529	134.36	131.52	257.333	226	21	36.6667	51580	2728.75	39260	1828.5	16.75	12.80	479.2	132.59
810605	132.98	130.17	299	241.667	13.5	24	47180	3980	33320	1697.25	15.46	12.56	460.0	132.22
810612	135.09	132.40	296	249.333	26	26.3333	60790	4232.5	34500	1633	14.98	12.48	472.0	133.49
810619	133.27	130.49	235.667	214	5.33333	12.8333	46430	2602.5	31990	1685.5	13.45	12.30	458.2	132.27
810626	133.75	131.71	201	185.333	4.5	17.6667	39240	2002.5	33890	1875.13	14.34	12.18	442.0	132.56
810702	130.48	127.84	150	111.667	1.5	6.83333	45100	1405	27290	619.375	13.91	12.48	414.5	128.64
810710	130.43	128.38	256.667	230	1.66667	7.66667	39950	2665	28200	1412.5	14.40	12.76	416.5	129.37
810717	131.60	129.49	264.667	227	3.16667	11.5	42780	2643.75	29330	1620.75	14.56	12.85	415.0	130.76
810724	129.31	127.11	315.667	251.667	1.66667	7.16667	38880	2985	32030	1537.5	15.56	12.84	407.5	128.46
810731	131.78	129.60	328.667	254.667	3.5	9.33333	43480	3711.25	30070	1448.13	15.07	13.28	406.0	130.92
810807	133.04	130.96	184	164.333	3	9.83333	38370	1571.75	31390	1412.5	15.67	13.30	397.2	131.75
810814	134.33	131.91	184.333	162.333	5.33333	8.5	42580	1812.5	29440	936.875	15.24	13.58	413.0	132.49
810821	131.06	128.70	140.667	138.667	1.83333	4.33333	37670	957.5	30160	872	15.71	13.25	429.5	129.23
810828	125.09	122.85	259.667	203.333	0.666667	3.33333	38020	2535	23430	1028.38	15.83	13.46	425.0	124.08
810904	121.54	119.24	140.667	83.3333	0.666667	1.83333	42760	1256.25	26430	600.875	15.61	14.02	439.5	120.07
810911	122.13	119.29	375	334.333	0.5	3.83333	42170	3670	30530	1665.13	14.41	14.20	448.2	121.61
810918	117.69	115.18	157.333	115.667	0.333333	1.33333	47350	1487.5	27740	627.75	14.20	14.18	447.0	116.26
810925	114.69	111.64	51.6667	44.6667	0.5	1	52700	483	31160	204.875	14.67	13.85	450.5	112.77
811002	120.16	117.07	425	400	0.5	3.5	54540	5460	28810	2112.38	14.21	14.04	435.0	119.36
811009	123.28	120.63	261	268.667	4	4.83333	50060	2386.25	27400	1121.75	13.53	14.59	453.5	121.45
811016	120.46	118.38	219	171	2.83333	5.83333	37800	1445	24770	1078	13.61	13.99	443.7	119.19
811023	119.92	117.78	161.667	141.667	2.33333	5.66667	41990	1408.75	27270	710.625	14.58	13.91	432.5	118.60
811030	122.53	118.43	403.667	293.333	6.5	8.33333	59570	6056.13	27160	1637.25	13.35	14.17	427.0	121.89
811106	124.03	121.85	204.333	179.333	4	8.33333	43460	1873.75	32590	1080.5	12.70	14.27	428.2	122.87
811113	123.61	121.06	207.333	180.333	6	9.83333	45550	1142.5	32460	1065.25	11.13	13.39	412.5	121.67
811120	122.59	120.13	349.333	269	5.5	8.66667	52010	4321.25	33470	1809.13	10.69	12.78	401.5	121.71
811127	125.71	123.63	323	201.333	6.83333	11.6667	32770	2882.5	19160	909.125	10.56	12.41	409.5	125.09
811204	127.32	125.12	341.667	250.667	4.16667	9.5	55040	4485	33000	1650.63	10.40	12.32	426.0	126.26
811211	126.26	124.32	188.667	165.333	3.66667	7	45850	1678.75	35120	1272	10.40	12.41	409.7	124.93
811218	124.87	122.56	319	247.333	4.83333	6.83333	50940	4052.5	34250	1528.38	11.10	12.81	415.7	124.00
811224	123.06	121.57	265.667	189.667	1.83333	5.16667	23940	1406.25	20870	812	11.04	12.78	398.9	122.54
811231	123.42	121.57	314	288.667	3.16667	7.33333	40780	2870	40110	1816.88	11.69	13.12	401.0	122.55
820108	120.59	118.55	304	243.333	1	5	42050	2968.75	28510	1309.13	11.66	13.26	400.2	119.55
820115	117.14	115.10	296	233	1.83333	2.83333	43310	3365	25510	1412.13	12.12	13.65	379.2	116.33
820122	116.53	114.58	198.333	168.667	1.16667	4	44370	1686.25	33710	910.125	12.51	13.89	377.2	115.38
820129	121.38	118.64	381	299.667	4.83333	6.5	73400	6082.5	30340	1727.13	13.36	13.81	387.0	120.40
820205	118.25	115.74	346.667	241	3.83333	6.33333	53350	4745	26560	1315.38	13.85	13.57	384.2	117.25
820212	115.39	113.70	234.333	157.333	1	2.83333	37070	1813.75	23520	891.5	14.10	13.83	377.5	114.38
820219	114.58	112.33	191.333	139.667	2.33333	2.16667	51340	2207.5	31040	934.875	14.74	14.05	369.2	113.22
820226	114.01	112.04	212.667	126	3.5	3	43840	2007.5	22030	617.5	12.43	13.58	362.6	113.11
820305	110.90	108.31	189.667	76	4.5	2.33333	67440	2941.25	30050	395.875	12.45	13.13	342.4	109.34
820312	109.72	104.46	142.333	87.3333	1.5	0.833333	49600	1286.25	27010	344.375	12.06	12.89	323.2	108.61
820319	111.59	109.64	282.667	252.333	1.83333	3.83333	46250	3002.5	29740	1619	12.91	12.97	315.7	110.61
820326	113.43	111.26	165.667	140	2.83333	2.66667	42400	916.25	21190	640.375	12.55	12.99	322.2	111.94
820402	115.79	113.65	347.333	255.667	8.83333	1.66667	59800	5005	28820	1507	13.40	12.91	327.7	115.12
820408	116.94	114.94	295	234.667	5.83333	18.6667	60190	4548.75	27710	1373.88	12.89	13.17	351.5	116.22
820416	117.70	115.68	318	214.667	9.16667	20.8333	55890	4065	28800	1456.88	12.85	13.10	362.7	116.81
820423	118.64	117.19	347.333	261.333	15.1667	26.8333	71840	6256.25	35530	1764	12.50	12.79	352.2	118.64
820430	116.78	116.07	243	185	3.83333	14.1667	48200	3062.5	28790	1467.63	12.47	12.69	361.2	116.44
820507	119.89	118.71	317	242.667	13.8333	22.5	67130	5016.25	32900	1661.88	12.68	12.73	334.7	119.44
820514	118.40	118.01	224.333	170.333	4.16667	14.3333	49900	2750	31890	1141.88	12.25	12.71	333.2	118.01
820521	115.13	114.60	239.333	127	1.66667	5.5	45260	3051.25	27770	750.375	12.19	12.58	338.5	114.89
820528	112.80	111.66	229.667	160.333	1.5	6	43900	1360	22350	694.875	11.48	12.66	325.2	111.88
820604	111.85	110.02	115.667	69.3333	0.5	4.5	44110	921.25	26930	335.5	11.52	12.72	318.7	110.09
820611	111.48	109.65	413.667	292	3.16667	4.16667	68610	7121.25	26140	1616.63	12.07	13.08	325.2	111.24
820618	107.60	107.07	151	85.6667	1.5	2.16667	53800	2036.25	26560	522.25	12.25	13.09	308.7	107.28
820625	109.83	109.09	156	111	2.16667	4.83333	38740	1163.75	22470	708.375	12.59	13.40	305.0	109.14
820702	108.71	107.60	178.667	104.667	2	3.83333	43760	1285	19360	649.375	13.27	13.59	312.7	107.65
820709	108.97	107.56	372.667	243.667	4.5	5.5	65870	6068.75	26450	1649.38	12.81	13.42	328.5	108.83
820716	111.48	110.16	256.667	174.333	10.3333	9.66667	58740	4121.25	25060	1170.13	11.80	13.25	347.0	111.07
820723	111.58	111.05	217.333	173.667	5.5	9.5	47280	2206.25	27660	942.75	11.14	12.98	363.2	111.17
820730	107.95	107.01	202.333	150.667	2.5	4.33333	39270	1442.5	22410	671.875	10.56	12.69	342.9	107.09
820806	105.16	103.67	149.333	75	1.16667	4	48660	947.5	26440	501	9.66	12.87	344.7	103.71
820813	103.85	102.40	315.333	122.333	1.5	2.66667	44720	4050	24150	653.125	10.03	12.67	338.0	103.85
820820	113.02	109.19	461.333	305	23.5	10.1667	95890	11323.8	34850	2150	8.62	12.61	386.5	113.02
820827	118.56	116.63	185.333	181.333	17.5	10.8333	74410	1972.5	36830	1161.13	7.75	11.79	418.0	117.11
820903	123.64	120.31	394	332	48.8333	32.1667	130910	12220	44510	3299.38	8.60	11.64	455.0	122.68
820910	121.98	120.27	159.333	152.667	8.66667	15.3333	71080	2252.5	32700	1295.25	8.57	11.76	453.0	120.97
820917	123.76	122.34	157	170.333	9.66667	16.5	63950	1692.5	36230	1356.75	8.16	11.63	441.5	122.55
820924	123.80	123.11	226.667	191.667	11.6667	19.1667	54600	2326.25	30810	1494.75	7.85	11.62	431.0	123.32
821001	121.97	120.15	333.333	226.667	11.5	19.3333	65000	6016.25	33700	2112.63	7.80	11.30	402.0	121.97
821008	131.11	128.79	415.667	319.667	66.5	47.1667	122250	12032.5	47400	3440	8.10	11.18	433.0	131.05
821015	134.61	133.28	233	188.333	22.8333	25	80290	3297.5	44410	1761.5	7.43	10.94	432.5	133.57
821022	140.40	138.75	338	306.667	63.6667	52.3333	101120	6725	55630	3694.88	7.44	10.20	428.0	138.83
821029	134.02	132.64	275.667	226	15.1667	24.6667	74830	4468.75	40020	2242.88	8.03	10.27	423.2	133.72
821105	142.43	141.32	339	289.333	41.3333	45.6667	96550	7232.5	54880	3204.13	7.81	10.44	417.5	142.16
821112	141.85	139.53	245	287.333	41.6667	57.6667	95080	3522.5	54830	3125.63	7.96	10.03	398.0	139.53
821119	138.93	137.00	240.667	255	20.8333	29.1667	70310	2622.5	49450	2435.75	8.45	10.11	417.6	137.02
821126	134.88	133.89	312.333	259	12.5	21.1667	38810	3103.75	26960	16.125	7.94	10.22	406.0	134.88
821203	139.59	138.59	242	211.667	23.6667	35.3333	71540	3491.25	51410	2234.38	8.28	10.23	441.2	138.69
821210	141.15	139.35	204.333	121.667	10.1667	15.1667	86430	4098.75	46980	1119.5	7.96	10.41	435.7	139.57
821217	137.71	135.35	356.333	287.667	5.66667	11.1667	81030	6503.75	41610	2560.63	8.00	10.32	437.0	137.49
821223	139.94	138.84	314	271.333	9.83333	20.1667	62880	4877.5	46610	2239.88	7.86	10.37	445.7	139.72
821231	140.78	140.27	308	273.333	8.66667	15	42110	3231.25	41610	2353.25	7.98	10.35	456.9	140.64
830107	146.46	145.15	315	377.667	32.6667	38	127290	7580	67530	4513.38	7.90	10.26	465.0	145.23
830114	147.12	145.72	335	326	33.1667	40.8333	86480	7075	60340	3940.13	7.67	10.24	483.2	146.65
830121	146.30	143.25	129.667	150	12	20	77110	1223.75	60250	2371	7.62	10.23	485.0	143.88
830128	145.47	144.25	304.667	286	16.5	31	89490	5535	59920	3483.5	8.06	10.34	493.7	144.51
830204	146.14	144.14	361.667	283.333	26.3333	35.3333	87000	7638.75	62010	3199.88	8.12	10.61	498.5	146.14
830211	148.81	147.18	299.667	278.667	28.8333	33.8333	86700	5401.25	58650	3523	8.25	10.74	504.5	147.62
830218	148.29	147.21	313.667	292.333	19	32.3333	77420	4995	51630	3198.75	8.26	10.77	503.5	148.00
830225	150.88	149.60	302.667	251.667	35.8333	34.6667	100970	6661.25	66290	2826	7.89	10.62	464.7	149.74
830304	153.67	152.53	297.333	248	40.8333	33.3333	90930	5940	59950	2668.75	7.94	10.30	412.5	153.67
830311	151.75	150.65	203	184.333	16.5	21.5	67240	2420	54870	2344.5	8.21	10.16	420.5	151.24
830318	150.29	149.56	288.333	243	21	23.8333	75110	4732.5	53900	2596.38	8.26	10.36	421.7	149.90
830325	153.71	152.30	236.333	244	30.3333	30	77330	3843.75	57490	3163.5	8.43	10.39	411.7	152.67
830331	155.02	152.86	255	269.333	25.3333	23.1667	100570	6400	57190	2931.5	8.68	10.39	414.7	152.96
830408	152.85	151.39	303.333	276.333	16	30.8333	67710	4902.5	51400	2905.88	8.66	10.40	421.2	152.85
830415	158.75	158.11	326.667	328.333	44.5	58.1667	89590	5927.5	67290	4749.5	8.17	10.30	436.5	158.75
830422	160.76	160.02	283	294.667	34.3333	49.6667	92270	6318.75	70860	3621.88	8.03	10.15	437.0	160.42
830429	164.43	162.72	337.667	318.333	42.3333	34.3333	105750	8253.75	66480	4493	8.15	10.18	429.2	164.43
830506	166.99	164.30	414.667	396.333	64.6667	69.3333	128200	12221.3	82020	5959.63	8.04	10.13	431.2	166.10
830513	165.23	164.26	360	331	29.8333	51	83110	6061.25	70070	5111.25	8.14	10.00	441.2	164.91
830520	162.13	161.25	244.333	219.333	13.5	28.5	73150	3905	69580	3072.38	8.10	10.03	438.7	162.13
830527	165.49	164.33	239	270.667	23.8333	50	76290	3371.25	79740	4787.25	8.46	10.29	437.2	164.46
830603	164.79	163.96	316	365.333	29.1667	48	83110	5526.25	75930	5270	8.67	10.43	411.5	164.42
830610	162.76	161.86	340.667	323	24.3333	36.5	78470	5960	75580	5373.25	8.64	10.61	411.2	162.68
830617	169.64	168.60	245	253.667	32.5	53	93630	5208.75	92500	4511.38	8.73	10.66	415.5	169.13
830624	170.69	170.03	261.667	292	22.8333	38.1667	80810	5773.75	85200	5672.38	8.98	10.52	423.5	170.41
830701	168.64	167.77	319	315.333	14.8333	21.5	65110	4831.25	62930	4273.75	9.09	10.63	416.2	168.64
830708	167.91	166.95	210	222.333	8.33333	16.5	66520	2661.25	62050	2462.25	9.10	10.77	426.0	167.08
830715	166.04	164.03	154	171.333	5.5	11.6667	63160	1237.5	57380	1712.38	9.07	11.01	422.2	164.29
830722	169.08	168.40	270.667	279.667	16.1667	22.8333	68850	3626.25	64630	3015	9.19	11.12	423.5	168.89
830729	165.03	161.50	115.333	86.6667	2.83333	6.16667	95240	1878.75	58520	1559.75	9.13	11.07	422.0	162.56
830805	161.88	160.89	274.333	230.667	2.66667	8.5	67850	4328.75	46980	2050.38	9.36	11.27	409.7	161.74
830812	162.60	161.55	315.333	310.667	3.83333	8.5	71840	5413.75	48320	3117.63	9.57	11.52	412.4	162.16
830819	164.27	163.22	249	204.667	5.16667	7.33333	58950	3813.75	48420	1651.75	9.43	11.65	417.7	163.98
830826	162.16	160.25	294.667	237.333	1.83333	8	61650	4950	53550	3088.25	9.18	11.28	417.0	162.14
830902	165.07	164.21	317.667	304.667	8.33333	10	59300	4811.25	48550	3139.75	9.28	11.18	417.5	165.00
830909	167.77	166.91	249	256	11.8333	14.8333	77990	4022.5	54260	2627.25	9.21	11.52	414.7	166.92
830916	166.57	164.39	336	241	6.5	12.3333	75530	6946.25	57760	3022.25	9.04	11.37	405.5	166.25
830923	170.17	168.88	261.667	252.667	13.1667	15.1667	93180	4978.75	91940	3686.5	8.99	11.28	413.0	169.51
830930	167.23	165.63	202	166.667	4.66667	11.6667	70860	2386.25	53920	1484.13	8.73	11.20	405.0	166.07
831007	171.10	170.31	318	313.333	22.5	14.3333	103630	6656.25	69970	3563.13	8.72	11.09	397.4	170.80
831014	169.99	169.18	254	217	6.5	8.83333	71600	3893	57180	2535.13	8.83	11.04	398.7	169.86
831021	167.23	164.98	197.333	204	5.33333	10.1667	91640	3910	62150	1849.13	8.63	11.28	394.2	165.95
831028	165.19	163.23	194	196.667	4.16667	6	81180	2348.75	54710	1999.75	8.66	11.16	387.7	163.37
831104	163.42	162.22	192.667	178.667	3.16667	4.5	72080	2758.75	51870	1471.13	8.41	11.34	381.0	162.44
831111	166.29	164.34	366.667	353.667	8.5	8.83333	74270	7006.25	64150	4730.75	8.83	11.39	382.0	166.29
831118	166.13	164.50	254.333	260	7.16667	11.6667	88280	4027.5	61540	2749.38	8.78	11.44	375.2	165.09
831125	168.04	165.95	280.333	262	11.1667	13	57820	4325	31430	1538.63	8.81	11.33	375.7	167.18
831202	166.70	165.25	202	194.333	9.16667	15	93960	3708.75	61770	1714.5	8.90	11.23	400.7	165.44
831209	165.29	164.50	232.667	224.667	4	11.1667	98280	4278.75	62170	2708.75	9.00	11.26	388.7	165.08
831216	162.39	161.58	268.333	232.333	3.5	8.16667	81030	5838.75	63980	2799.13	8.93	11.42	377.2	162.39
831223	163.31	162.90	245.333	263.333	4.5	9.16667	62710	3301.25	43660	1913.75	9.04	11.53	380.5	163.22
831230	165.05	164.58	319.667	369.667	8.66667	13.3333	71840	4600	78760	4078	8.94	11.46	381.5	164.93
840106	169.31	168.49	358.333	403.667	16.5	21.1667	137590	10221.3	80130	4851.38	9.04	11.41	375.2	169.28
840113	168.59	166.64	248	213.333	10.8333	13.1667	101790	5023.75	60410	2146.63	8.92	11.42	373.2	167.02
840120	167.06	165.87	192.667	207.333	6.16667	13.1667	93360	3168.75	69850	2211.13	8.82	11.32	371.2	166.19
840127	164.33	163.07	213.333	194.333	7	9	103720	5257.5	62150	2014.38	8.92	11.21	370.0	163.93
840203	163.98	160.82	184.667	169.667	3.16667	8.5	109100	2452.5	64980	1561.25	8.87	11.23	383.1	160.91
840210	156.52	155.42	309.333	319	0.666667	3.66667	92220	6468.75	60080	3613.5	9.08	11.26	377.6	156.30
840217	156.80	155.51	219	214.667	1.83333	3.5	77280	3283.75	54110	1762.13	9.04	11.34	382.1	155.74
840224	157.51	154.31	445.333	424.333	2.33333	3.5	102620	10277.5	58260	4196.25	9.13	11.44	395.7	157.51
840302	159.90	158.20	361.333	375.667	4	7.5	108270	8822.5	65270	3985.63	9.20	11.56	399.0	159.24
840309	155.19	153.77	199.333	198.333	1	4.16667	73170	2430	53190	1958.13	9.24	11.65	399.9	154.35
840316	159.97	157.46	381	350.667	4.16667	6.5	118000	11131.3	69380	4880.13	9.37	11.78	392.7	159.27
840323	156.92	156.02	230.667	202.667	2.33333	5.66667	79760	4152.5	59160	1677.5	9.65	11.89	387.9	156.86
840330	159.52	158.92	242.667	225	5	7.5	71590	3538.75	52460	1770.88	9.76	12.02	388.5	159.18
840406	155.48	154.12	206.333	148.333	1.83333	8.83333	86620	4818.75	57700	1632.13	9.67	12.00	380.2	155.48
840413	158.87	157.13	291	300.667	5	11.3333	99620	5465	56060	2727.63	9.66	12.13	379.2	157.31
840419	158.02	157.10	231	210.667	3.33333	9.33333	75680	4081.25	58230	1846	9.80	12.05	384.9	158.02
840427	160.69	159.77	250.667	258	4.66667	12.3333	88530	4562.5	60190	2906.38	9.64	12.21	379.2	159.89
840504	161.20	158.93	171.667	197.333	4.5	11.6667	98580	2398.75	63660	1944.5	9.68	12.27	376.7	159.11
840511	160.00	157.42	131	146	1.66667	8.16667	82780	2010	56430	865.125	9.99	12.43	372.5	158.50
840518	156.77	155.24	171.333	168.333	3	5	81270	3240	60070	1650.13	10.07	12.73	375.6	155.77
840525	152.02	150.85	254.667	236.667	0.666667	2.66667	78190	4725	50040	1923.5	9.95	12.98	384.2	151.62
840601	153.24	150.55	423	374.333	1.16667	5.66667	96040	10172.5	57850	3827.88	9.83	13.04	393.7	153.24
840608	155.40	154.57	253	231	2	8.66667	67840	4267.5	47900	1849.13	9.90	13.25	386.0	155.17
840615	150.71	149.02	167.667	168	0.833333	3.5	85460	3062.5	46230	1532.88	10.07	12.94	368.0	149.03
840622	154.92	153.89	256	278.333	3.16667	9.5	98400	4896.25	61390	3219	10.01	12.91	374.2	154.47
840629	154.08	152.84	298.333	309	2.66667	9.66667	90770	6041.25	56540	2980.25	9.77	12.97	373.0	153.18
840706	152.76	151.63	181.667	155.667	1.5	5.33333	65850	2625	47870	1433.63	10.01	13.18	353.2	152.24
840713	151.16	150.03	295.667	246.333	1.83333	5.66667	89540	4883.75	49370	2277.63	10.04	13.21	345.0	150.88
840720	150.58	149.07	168	169.333	0.5	3.33333	79090	2573.75	60170	1241.13	10.17	12.89	342.0	149.55
840727	151.38	149.99	356.333	307.333	2.5	7.83333	101350	8546.25	61180	3841.38	10.30	12.79	335.2	151.19
840803	162.56	157.99	496.667	555	17.5	23	236570	26126.3	122230	11674.5	10.40	12.62	349.2	162.37
840810	168.59	165.24	371	371.333	17.1667	26.8333	171030	11536.3	95960	5613.25	10.55	12.36	346.7	165.42
840817	164.61	163.78	257.333	255.667	3.83333	11.5	71500	4492.5	54450	2121.13	10.49	12.23	352.0	164.14
840824	167.52	167.12	285	291.667	6.83333	17	69640	4482.5	62960	3019.25	10.40	12.25	350.0	167.51
840831	166.68	165.78	277	262	4.33333	13.5	57460	3641.25	49350	2338.88	10.60	12.15	348.2	166.68
840907	166.31	164.22	211	204.333	5.33333	12.5	84110	3485	57070	2000.88	10.63	12.29	339.7	164.37
840914	169.65	167.97	378.667	373.333	13.5	21.8333	137420	11225	75830	4856.13	10.39	12.25	341.4	168.78
840921	168.67	165.66	243.667	293	7.5	19.1667	120640	4702.5	72230	3242.25	10.33	11.96	343.5	165.67
840928	166.96	165.77	219.333	235.333	5.83333	10.1667	78950	3030	50660	1692.13	10.27	11.80	343.7	166.10
841005	163.32	162.51	256.333	244.667	3.33333	9	82950	4078.75	53810	1870.38	10.23	11.93	343.8	162.68
841012	164.47	162.81	355.667	316.333	8.5	11.8333	92190	8082.5	58860	2956.63	10.11	11.98	338.9	164.18
841019	169.62	167.31	360	346.333	29.8333	22.8333	186900	11433.8	87610	4609.5	9.98	11.80	339.5	167.96
841026	166.24	164.93	163.333	191	2	8	83900	1922.5	52890	1706.5	9.54	11.68	337.6	165.29
841102	167.95	167.24	304.667	277.333	8.83333	14.3333	96810	6765	60100	2556	9.38	11.37	343.1	167.49
841109	169.46	167.44	263.333	214.333	8.66667	16.3333	83620	4002.5	63690	3012.38	8.82	11.32	346.8	167.60
841116	166.24	164.09	163.333	194	3	11.3333	83140	1616.25	59550	1585.75	8.73	11.34	345.0	164.10
841123	166.92	164.55	406	324.333	8.16667	12.5	73910	7767.5	43870	2900.88	8.59	11.42	340.3	166.92
841130	163.87	162.99	219.333	210.333	3.5	10.6667	77580	3132.5	57490	2106.88	8.43	11.17	329.0	163.58
841207	163.31	162.26	227.333	229.333	3.16667	5.83333	81000	3891.25	58350	2018.25	8.52	11.12	327.0	162.26
841214	163.53	161.63	307.333	285.333	3.33333	9.83333	95060	7590	62970	3301.25	8.38	11.29	322.5	162.69
841221	166.36	164.62	207	266	7.5	15.1667	101270	3715	68670	2533.75	7.97	11.30	311.0	165.51
841228	166.32	165.67	280	254.667	6.83333	11.1667	77070	5281.25	70610	2811.25	7.75	11.09	308.3	166.26
850104	164.55	163.36	220.667	230.667	2.83333	10.5	77480	3098.75	55800	1986	7.86	11.13	303.1	163.68
850111	168.72	167.58	305.667	339.333	16.1667	20.8333	107590	5932.5	91520	3941.75	7.78	11.34	304.2	167.90
850118	171.42	170.66	322	370.333	19.3333	13.5	104720	6812.5	78280	2889.13	7.74	11.24	308.0	171.32
850125	177.75	176.54	325.667	355.667	30.5	34.8333	122440	9758.75	86500	5541.63	7.68	11.28	298.8	177.35
850201	179.60	178.44	221	267.333	17.5	24.3333	105440	3955	85320	4179.63	7.76	10.97	303.6	178.63
850208	182.39	181.67	309.333	363.333	34.5	48.5	116460	7990	103360	5871.88	8.16	10.92	299.8	182.19
850215	182.65	181.23	227	286.667	20.3333	26	106470	4968.75	81510	3512.75	8.20	11.09	304.0	181.60
850222	180.41	179.23	196	251.667	13.1667	19.6667	93680	3410	79640	3082.75	8.15	11.19	298.4	179.37
850301	183.89	181.16	371.333	393.667	26	27	139870	12670	92090	6429.25	8.36	11.51	287.2	183.23
850308	179.97	179.07	212	260	5.16667	15.1667	96390	4313.75	78090	2601.88	8.73	11.77	291.0	179.10
850315	178.41	176.53	214.667	284.333	7.5	11.6667	105190	4283.75	68930	3133	8.48	11.81	292.7	176.53
850322	179.92	178.86	229.667	277.333	9.16667	13.3333	99250	4955	83900	3602.13	8.64	11.77	315.5	179.04
850329	180.66	179.56	348	336	16.5	13.6667	101350	8478.75	75660	4033.38	8.41	11.83	329.2	180.66
850404	179.13	178.29	229	245	8.16667	20	86910	4311.25	69350	2652.5	8.18	11.70	316.7	179.03
850412	180.55	180.06	272	285.667	14	28.8333	86220	5780	70680	2599.25	8.14	11.65	329.9	180.55
850419	181.25	180.42	267	272.333	14.8333	24.1667	81110	4525	75560	1994.75	8.04	11.51	327.0	181.11
850426	183.61	182.11	213	280	16.3333	24	86570	2966.25	67820	3306.63	7.62	11.25	323.5	182.18
850503	180.30	179.02	313.333	296	11.3333	14	94870	7453.75	65590	2309.13	7.87	11.31	312.7	180.08
850510	184.74	181.92	411	443	32.6667	30.1667	140260	14256.3	95510	5212.63	7.76	11.35	314.5	184.28
850517	187.94	185.47	388.333	350.333	49.8333	40.6667	124630	10471.3	78350	4762.63	7.69	11.23	322.5	187.42
850524	188.29	187.29	289	280.667	19.3333	19.3333	85970	6393.75	60290	2612.25	7.28	11.00	314.7	188.29
850531	189.59	187.45	352.333	321.333	33.6667	23	134140	11978.8	85000	4869.25	7.22	10.76	314.0	189.57
850607	191.29	189.55	202	250.667	28.5	25.8333	99630	3655	79150	2737	7.03	10.58	314.3	189.68
850614	187.10	185.35	349	321	13.3333	17.3333	93090	7906.25	74800	4114.88	7.21	10.27	318.2	187.10
850621	189.66	186.43	344.667	333.667	22.3333	21.1667	125400	10790	83940	4627	6.73	10.33	313.4	189.61
850628	191.85	191.04	316	356.667	22	29.3333	105240	7910	86780	3970	7.06	10.29	317.7	191.85
850705	192.67	191.47	372.667	298.333	27.8333	27.3333	62450	5216.25	43670	2486.63	7.00	10.56	310.3	192.52
850712	193.32	192.64	291	364	31	39.5	120260	7971.25	78650	4609.13	6.92	10.35	315.6	193.29
850719	195.13	194.28	353	330.667	22.1667	30.8333	114830	8418.75	85700	4409.5	7.06	10.35	318.9	195.13
850726	192.78	191.58	254.333	336.333	10	21.3333	106950	6542.5	84260	4288.5	7.23	10.44	316.9	192.40
850802	192.11	191.27	228.333	302	7.33333	20.5	87860	4125	78550	3677.25	7.23	10.69	320.5	191.48
850809	189.05	188.11	219.667	304	3.5	12.5	81750	3895	71670	3709.75	7.30	10.78	321.6	188.32
850816	187.23	186.12	140.667	237.333	4.33333	13.6667	87910	2528.75	72960	2626.63	7.14	10.73	335.3	186.12
850823	187.35	186.59	236	301	4.5	13.6667	75270	3628.75	70240	3083.75	7.14	10.65	334.8	187.17
850830	189.13	188.00	253.333	314	7.33333	18.5	81620	4603.75	64680	3334.25	7.07	10.48	333.2	188.63
850906	188.43	187.29	290	293.667	5.16667	10	95040	6303.75	69810	3479.75	7.12	10.46	317.6	188.24
850913	184.19	182.05	158	176.333	2.16667	5.5	111390	4236.25	73960	1591.25	7.22	10.57	321.3	182.91
850920	183.39	182.04	244.333	331	4.33333	8.33333	101390	4083.75	76210	3560	7.17	10.76	319.1	182.05
850926	181.29	179.45	209.667	201.333	4.16667	6.16667	106100	6467.5	63720	1797.75	6.81	10.69	329.2	181.29
851004	184.36	182.65	211.333	247	4.5	6.83333	101170	4213.75	73940	2463.5	7.07	10.63	328.0	183.22
851011	184.28	182.61	327	354.667	4.83333	10.1667	96370	8392.5	79100	4679.63	7.14	10.62	325.8	184.28
851018	188.11	186.89	246.667	318.333	8.33333	12.6667	107080	6153.75	90440	4214.75	7.20	10.70	326.5	187.04
851025	188.51	187.32	186	264.667	5.66667	12.3333	101810	3838.75	82920	2853.5	7.18	10.56	325.6	187.52
851101	191.53	189.37	336.333	357	12.5	22.1667	129360	10127.5	90090	5489.38	7.24	10.51	323.7	191.53
851108	193.97	192.53	378.333	410.333	15.6667	24.8333	114960	8781.25	86760	5901.75	7.21	10.37	322.2	193.72
851115	199.58	197.90	243	352.667	20	26.6667	130240	6553.75	95260	5051.75	7.21	10.21	325.6	198.11
851122	202.01	201.05	322.667	389.667	33	35.8333	133750	9402.5	104160	6772	7.24	10.10	326.7	201.52
851129	203.40	201.92	277.333	330.667	23.3333	25.1667	84060	4951.25	57580	3012.5	7.15	9.98	328.4	202.17
851206	203.83	202.45	169.333	261.333	11.5	16.8333	125540	3927.5	110770	2833.75	7.19	9.96	322.3	202.99
851213	210.31	206.73	435	432.333	51.3333	40.5	177900	17202.5	131650	8697.38	7.05	9.96	318.0	209.94
851220	211.77	210.02	367.333	335	24.5	22.3333	170270	12381.3	115770	5266	7.00	9.66	325.5	210.94
851227	209.62	207.65	381	378	15.6667	18.3333	81560	7233.75	74910	4265.63	7.02	9.44	326.8	209.61
860103	210.88	209.51	378.667	459	19.5	24.1667	105030	8172.5	89180	5008.25	7.04	9.38	327.0	210.88
860110	207.33	205.52	266.667	374.333	8	11	122780	7086.25	98500	5888.75	7.05	9.28	340.4	205.96
860117	209.40	207.59	278.333	376	17.6667	30.6667	132130	6470	112830	5606.25	7.23	9.37	352.6	208.43
860124	206.43	204.25	385	417.667	20.3333	25.5	128930	11396.3	118250	7027.5	6.98	9.49	354.0	206.43
860131	212.42	209.19	372	398	30.5	33	143510	11291.3	109280	6514.25	6.92	9.43	350.5	211.78
860207	215.27	211.13	321.333	375	30.3333	36.6667	144400	10110	111060	5941.5	6.99	9.34	337.4	214.56
860214	219.76	217.22	385.333	428.333	53.3333	55.8333	155590	13053.8	122430	8413.75	7.18	9.27	331.3	219.76
860221	224.62	222.22	443	426.333	74.1667	53.6667	177590	16580	146690	9772.38	6.97	9.11	338.0	224.62
860228	227.92	225.42	354.667	396.667	74	54.8333	191660	12503.8	130640	6986.38	6.96	8.86	338.1	226.92
860307	226.33	224.44	293.333	364.667	47.1667	0	163230	9350.38	125060	6250	6.92	8.47	343.3	225.57
860314	236.55	232.58	342.667	387.333	62.3333	48.8333	181870	15436.6	158220	9175.38	6.55	8.17	348.0	236.55
860321	237.35	233.29	340	357	36.5	38.5	199220	9067.5	132890	7241.25	6.52	7.95	352.9	233.34
860327	240.11	237.31	386.333	425	52.8333	37.5	178100	14663.1	136340	8633.88	6.36	7.98	344.2	238.97
860404	232.56	228.32	151.333	272.667	11	25.3333	147270	3698.38	111770	4122.75	6.35	7.81	334.5	228.69
860411	237.85	235.13	271.667	394	31	42.5	139440	8240.63	129710	7058.5	6.19	7.47	341.9	235.98
860418	243.47	241.74	294.333	387.333	53.6667	53.5	153640	8702.38	144740	7085.75	5.84	7.39	343.0	242.38
860425	242.80	240.91	254	367.667	20.6667	41.8333	142310	8072	122220	7356.38	5.86	7.22	344.4	242.29
860502	236.50	234.15	261.667	270.667	7.83333	17.3333	126270	7481.38	114310	6037.25	6.08	7.42	341.6	234.79
860509	238.01	235.85	284.333	414	9.5	32.6667	137400	9004.25	115860	6211.5	6.07	7.52	345.3	237.85
860516	234.43	232.26	187.667	283.667	2.66667	19.8333	113540	3497.75	103830	3320.38	6.07	7.45	343.0	232.76
860523	242.16	240.12	312.667	414	19.6667	33.8333	130160	9945.25	115100	7054	6.22	7.48	341.1	241.35
860530	249.19	246.43	245.333	392	25	40.6667	151200	7564.38	133020	7537.5	6.15	7.56	343.4	247.35
860606	246.07	244.43	228	359.333	13.6667	35.5	110910	6012.13	120560	5450.63	6.33	7.57	341.6	245.67
860613	245.91	241.71	399.333	426	19.3333	31.1667	141200	13991.1	139330	8286.38	6.31	7.84	346.2	245.73
860620	247.56	243.98	253.667	340.333	13.6667	21.1667	149140	12119.9	127620	6492.13	6.11	7.70	339.6	247.56
860627	249.74	248.74	294	374	22.6667	34.8333	123810	9460.13	128450	7413.25	6.09	7.46	344.5	249.60
860703	252.94	251.23	219	374.333	19.3333	37.5	108260	5061.88	104030	5818.63	5.99	7.36	342.3	251.79
860711	243.48	241.68	291.333	333.667	8.33333	12.1667	124470	7124.13	104550	4415.88	5.85	7.21	348.1	242.22
860718	238.22	233.94	229.333	317.667	5.5	10.3333	149680	7842.25	110920	4345.5	5.78	7.18	348.1	236.36
860725	240.36	237.95	323.333	347.333	14	10.5	131960	10625	95040	5080.25	5.72	7.16	349.6	240.22
860801	236.89	234.59	223.333	297.333	5.33333	9.16667	114920	4532.38	99370	3990.88	5.86	7.32	361.0	234.91
860808	238.06	236.37	265	318	7	7.5	106300	6643.13	100070	5559.63	5.70	7.50	368.8	236.88
860815	247.15	245.70	298.333	343.667	16.3333	13.3333	123490	8867	98760	4462.63	5.60	7.51	385.1	247.15
860822	250.61	249.27	282	340.333	18.8333	13.1667	118130	6970.25	101310	4721.75	5.64	7.31	386.2	250.19
860829	254.07	251.73	276.333	371	16	14.5	125270	8711.63	82250	4635.25	5.32	7.22	384.9	252.93
860905	254.13	250.33	182.333	292.333	16.1667	11.8333	180620	6205	111360	3854.38	5.12	7.24	405.5	250.47
860912	235.45	228.74	136.333	207.333	1.66667	4	240490	5450.38	139750	3609.13	5.24	7.40	419.7	230.67
860919	232.31	230.69	258.333	375.667	1.5	9	153860	9331.5	103980	5774.88	5.16	7.63	430.0	232.21
860926	233.68	230.64	258.667	329	3.66667	4	115270	6409	84580	3882.63	5.25	7.71	433.0	232.23
861003	236.14	232.79	252.667	321	3.66667	7	128090	7098	98250	4831.75	5.20	7.69	436.0	233.71
861010	236.27	235.31	247.667	320	4.33333	7.16667	105050	5336.63	83590	4054.63	5.20	7.60	430.7	235.48
861017	239.53	237.71	232	328.667	6.5	9.16667	124110	6474.5	91980	3658.13	5.13	7.59	419.2	238.84
861024	239.65	238.25	239	379.667	8.33333	10.1667	137480	6962.63	114450	5528.63	5.30	7.81	410.7	238.26
861031	244.51	242.95	299	349.667	13	10.3333	147210	9979.5	106720	5339	5.18	7.80	401.0	243.98
861107	246.13	244.94	247	359.333	8.66667	9.66667	142300	8265.88	99320	4447.38	5.23	7.68	408.2	245.77
861114	244.51	241.96	275	358	7.66667	8.66667	172060	12137.4	102240	4751.63	5.41	7.58	408.2	244.50
861121	246.38	241.91	360.667	394.667	7.16667	7.66667	200650	17487.3	106740	5625	5.39	7.59	388.2	245.86
861128	249.22	248.07	268.667	484.333	5.66667	7.66667	93530	5019.5	61951	3776.88	5.35	7.47	383.6	249.22
861205	253.89	250.71	183.333	316.667	6.33333	11.6667	139820	4062.88	133258	5727.63	5.40	7.42	388.5	251.17
861212	248.31	247.02	178.667	271.667	2.33333	4.66667	126610	5061.63	108423	5127.25	5.51	7.35	391.5	247.35
861219	249.96	245.89	395	351.333	6.16667	5.66667	244680	19914	129021	6152.88	5.55	7.35	394.8	249.73
861226	247.09	246.73	264.667	299	1.66667	3.66667	48860	3333.75	44044	1985.13	5.49	7.39	389.2	246.92
870102	246.45	242.17	494.333	560.333	5.66667	5.5	91880	9946	63221	4730.13	5.68	7.35	403.5	246.45
870109	259.20	256.11	353	493.333	25.6667	27.5	193030	16034.8	143791	9900	5.53	7.45	402.0	258.73
870116	267.24	264.31	201	330.333	17.8333	22.1667	218390	12168.4	156190	5011.63	5.38	7.33	415.7	266.28
870123	280.96	268.41	190	353.333	42.6667	33.5	302390	9144.13	261851	8729	5.23	7.37	400.0	270.10
870130	274.24	271.38	252	387.667	14	20.8333	163360	9124	154315	7572.63	5.44	7.33	402.0	274.08
870206	281.79	279.88	268	417.667	29.3333	32.1667	184100	10038.5	167267	10302	5.58	7.47	402.6	280.04
870213	280.91	275.01	365.333	428.333	21.3333	30.5	184380	15875	154506	10956.1	5.72	7.50	397.3	279.70
870220	285.98	284.31	276.333	406.667	19.3333	26.8333	175750	10686.6	155712	7884.63	5.66	7.59	399.7	285.48
870227	284.55	282.77	288.667	439	17.1667	28.6667	142800	9773.13	149369	8423.25	5.40	7.58	405.8	284.20
870306	290.67	288.77	234	397	21.8333	28.1667	181590	10147.9	148580	8259.88	5.47	7.50	406.3	290.66
870313	291.79	289.88	226	395	15.3333	31.5	150870	7175.75	158320	7768.38	5.63	7.47	408.5	289.89
870320	298.17	294.08	403.667	439.333	26.5	40	234010	21593.3	172937	10605.4	5.58	7.52	404.4	298.17
870327	301.40	296.06	153.667	349	16	29.3333	184400	6614.13	152429	7269.13	5.55	7.52	416.3	296.13
870403	301.27	292.30	404.667	521	18.5	41.3333	213390	21492.9	170475	13392.9	5.72	7.59	418.7	300.41
870410	293.73	290.94	170.667	360	6	29.3333	169530	7175	148249	6435.13	5.53	7.87	431.6	292.49
870416	289.57	284.44	404.667	463.667	4.5	13.5	189570	15113.1	139012	8367	5.98	7.98	437.7	286.91
870424	286.82	281.18	124	267	4.33333	15.5	177960	3824.38	130692	3509.38	5.77	8.30	462.2	281.52
870501	289.70	286.52	226.667	378	6.83333	21	160110	9571.5	184334	7149.25	5.79	8.48	456.7	288.03
870508	296.16	291.73	246.333	389.667	14.1667	22.1667	161880	8519.88	136891	5750.63	5.81	8.54	453.0	293.37
870515	294.24	287.11	97	283.667	6.16667	17.8333	180800	2732	145738	4934.25	5.47	8.67	469.9	287.43
870522	283.33	280.19	297.667	325.667	1.66667	10.1667	135820	10037.4	112660	3878.75	6.03	8.77	466.5	282.16
870529	292.87	289.70	314.333	442	7.33333	19	153500	9811.75	133784	7712.38	5.70	9.00	451.0	290.10
870605	295.12	292.82	246.333	388	5.16667	18.1667	129110	6558.13	176183	5698.75	5.81	8.71	453.5	293.45
870612	302.26	298.82	363.333	408.667	14	23.5	175070	15894.1	161158	7522.63	5.59	8.75	455.4	301.62
870619	306.97	305.55	326	376	15.3333	18.5	220480	15536.4	153625	6553.13	5.70	8.66	449.0	306.97
870626	308.96	306.38	197.667	340.333	9.66667	16.6667	150540	5502.38	145655	6089.63	5.64	8.46	444.1	307.16
870702	306.34	302.94	315.333	389	9.83333	18.1667	154930	13518.9	185985	7243.13	5.82	8.44	446.2	305.63
870710	308.40	306.97	285	381.667	15	21.3333	172130	11633.9	131914	5781.88	5.62	8.48	444.7	308.38
870717	314.59	312.38	308.333	419.667	23.8333	27.8333	209980	14558.8	152891	7289.75	5.55	8.45	450.6	314.59
870724	309.28	307.79	284.667	392.667	8	16.8333	174650	10974.4	147272	6580	5.55	8.56	453.3	309.27
870731	318.85	317.57	281.333	415	25	26	181870	12035.9	142551	7147	6.14	8.75	462.5	318.66
870807	324.14	321.82	293.333	424	22.5	30	212660	13162.1	165266	11025.6	5.96	8.86	464.1	323.00
870814	336.08	332.63	249.667	380.667	21.1667	26.5	196120	9365.25	147645	6490.25	5.93	8.98	460.0	333.99
870821	336.37	334.31	267.667	418.333	22	23.8333	189580	12133.5	166237	9611.75	5.97	8.90	455.5	335.90
870828	331.38	327.03	131.667	339.667	4.83333	15.5	156330	2800.75	153851	6526.63	6.12	8.92	453.4	327.04
870904	322.03	316.53	171	324	3.16667	14.1667	129070	4179.13	131635	7223.13	6.19	9.04	464.7	316.70
870911	322.45	317.13	384.333	454.333	7.33333	15.5	178020	17194.3	158158	8188.75	6.45	9.36	459.8	321.98
870918	316.98	314.86	234	380.667	6.66667	12.5	188070	10110.9	151418	6196.88	6.32	9.60	461.7	314.86
870925	320.55	318.10	229.667	356.667	7.16667	10.8333	180020	8477.5	129794	5603.63	6.45	9.61	461.8	320.15
871002	328.93	327.23	279.333	421.667	15.3333	22.1667	189070	11858.9	163330	10198.8	6.59	9.61	454.3	328.07
871009	315.04	310.98	166	330.667	2.66667	8.5	158310	5632.5	145342	5947.63	6.49	9.75	462.0	311.05
871016	298.87	281.52	37	127.667	0.833333	4.16667	338480	452	195944	1994	6.96	9.84	465.2	282.94
871023	250.70	242.84	223.333	250.667	0.166667	0.666667	245560	11176.8	176988	4131.88	6.84	10.13	470.5	248.22
871030	254.04	244.86	537	887	0.166667	0.833333	303360	31160.4	208133	19053.8	5.12	9.49	468.8	251.79
871106	257.21	249.69	269	476	0	0.666667	228290	7045.38	141539	7560.75	5.80	9.05	460.0	250.41
871113	249.46	245.64	230.667	386.667	0.5	0.833333	174920	5121.25	120185	4260.38	5.74	8.95	464.9	245.64
871120	242.01	235.90	238	319.333	0.5	0.666667	189170	11531	126085	4275	6.01	8.89	465.7	242.00
871127	244.11	240.34	171.333	284	1	1.66667	86360	2351.5	64781	2406	5.70	8.92	476.5	240.34
871204	225.77	221.24	120.667	210.667	0	0.333333	184800	5706.63	136529	2535	5.49	9.03	486.2	223.87
871211	235.47	233.37	276.333	434.333	0.333333	1.16667	151680	11424.6	118028	5842.38	5.81	9.12	493.5	235.34
871218	249.14	243.01	430	533	0.166667	1.5	276220	27410.3	149040	10943.3	6.00	9.31	481.0	249.14
871224	253.13	251.69	260.333	436.333	0.333333	2.16667	108800	4420.5	82013	4229.63	5.96	9.18	481.5	252.03
871231	247.84	245.23	268	491.667	0.166667	4	170140	8152.38	160402	7054.38	5.73	8.97	484.0	247.09
880108	261.05	242.95	68	235	0.666667	3.16667	197300	1225.63	144061	2700.38	5.90	8.95	483.9	243.40
880115	253.65	245.88	468.667	536.333	0.666667	2.5	197940	20643.4	134159	9527.5	5.85	8.98	480.3	252.07
880122	246.50	243.15	377.333	491.333	1.66667	3	147050	13020.6	179160	9309.88	5.98	9.01	476.2	246.50
880129	257.07	252.70	351.333	417	2	3	211880	16486.6	135417	7518.13	5.85	8.74	458.0	257.07
880205	253.85	250.90	260.667	388.333	1.5	3.5	161310	9856.63	121130	6232.63	5.74	8.56	441.7	250.96
880212	258.86	255.85	312.333	441.333	1	5.5	177190	14890.4	112799	5944.88	5.63	8.39	443.6	257.63
880219	261.61	257.62	329.333	375.333	1.16667	3.5	180300	15435.6	128708	6132.38	5.73	8.41	442.9	261.61
880226	263.00	261.38	266	326	1.5	4.5	158060	9485.5	112061	4872.25	5.64	8.52	430.4	262.46
880304	268.40	264.72	232	403.667	3	5	201410	9557.63	141220	7786.63	5.62	8.43	431.8	267.31
880311	264.94	261.27	285.333	308.667	0.833333	4.16667	200020	10660.3	126597	4325.63	5.74	8.41	441.8	264.94
880318	272.64	269.76	238.667	391	4.5	9.5	245750	13780.5	189122	11984.5	5.65	8.57	442.8	271.12
880325	263.44	258.12	128.333	259	3.33333	4	163170	4662	116478	3217.5	5.76	8.60	451.8	258.51
880331	259.03	256.16	274.667	484.667	1.66667	7.16667	139870	7887.88	124529	7481.13	5.69	8.74	456.9	258.89
880408	270.22	266.11	370	458.333	5.33333	12.5	169300	15809.4	134453	8641.5	5.98	8.82	449.4	269.43
880415	260.39	255.97	191	321.667	1.83333	11.1667	234160	11911.6	130171	5145.13	5.98	8.84	456.3	259.77
880422	261.16	256.42	320	337.333	2.5	18.3333	152520	13784	124364	5279.38	5.78	8.85	448.6	260.14
880429	262.61	259.97	249.333	383	2.16667	23.6667	135620	5124.38	121338	5681.13	5.92	9.05	449.0	261.33
880506	260.31	257.03	200.667	339.667	2.66667	18	129080	5901.25	122739	4598.88	6.13	9.07	442.8	257.48
880513	256.83	253.88	358.667	387.333	2.5	13.5	147240	13792.8	104089	5961.13	6.31	9.14	449.5	256.78
880520	253.70	251.79	280.333	346	1.5	12.1667	120600	7939.25	173609	10500	6.28	9.18	454.9	253.02
880527	254.62	252.74	206	277	1	10	133590	3854.25	87913	2692	6.34	9.26	452.0	253.42
880603	267.11	264.42	315.333	398.667	3	20	189600	13220.5	119368	6743.88	6.53	9.33	464.7	266.45
880610	273.21	270.20	291.667	359.667	6	30.5	155710	12281.8	145324	7608.25	6.44	9.16	457.6	271.24
880617	270.77	268.09	220.667	330	6	23	343920	26943.3	146400	4671	6.44	9.06	450.3	270.68
880624	275.19	273.53	220.667	348.667	3.5	25.1667	179880	10076.1	148467	7752.5	6.51	8.95	443.2	273.79
880701	273.80	270.78	205.667	333.667	6.16667	22.5	238230	6714.13	117384	5533.75	6.59	8.98	436.8	271.78
880708	272.31	269.86	187.667	300.667	3.66667	23.1667	136070	5484.75	126639	4217.5	6.57	8.90	439.4	270.03
880715	272.06	269.53	262.333	325.333	5.33333	21	199710	11252.1	136376	6058	6.72	8.99	439.1	272.05
880722	266.66	263.29	135.333	265.333	2.33333	12.5	148880	3256.5	203220	5221.75	6.76	9.14	442.2	263.50
880729	272.02	266.02	392.667	396.667	2.83333	14.8333	192340	18364.4	120827	7420.5	6.88	9.23	436.8	272.01
880805	271.92	270.08	188.667	286	1.5	16	113400	4623.75	106256	3917.25	6.89	9.22	432.8	271.15
880812	262.94	261.37	226.333	321.667	0.5	9.16667	176960	5493.88	109202	4248.13	6.94	9.11	433.2	262.55
880819	262.27	260.23	264.667	341	1.33333	8.16667	122370	6871	118380	3919.38	7.05	9.30	432.6	260.24
880826	260.15	258.87	241.667	311.333	1	8.66667	89240	5724.88	91614	4131.5	7.18	9.42	433.1	259.68
880902	264.90	258.37	399	395.667	1.66667	10.8333	159840	17688	93344	6473.88	7.26	9.42	428.7	264.47
880909	268.26	263.66	282	362.667	2	14.5	141540	9746	124806	7111.13	7.26	9.27	429.4	266.84
880916	270.81	267.33	296.333	349.667	3.66667	14.5	211110	19755.6	113493	5585.25	7.21	9.03	415.1	270.65
880923	270.31	268.28	248	370.333	3.5	14.8333	145100	8555	141371	5631.38	7.17	9.00	400.3	269.76
880930	274.87	271.66	284.333	390.667	5.33333	20	175750	9197.38	135438	7269.75	7.23	9.05	396.7	271.91
881007	278.07	272.37	380	338	6.66667	18.5	216390	22129.3	154922	5746.5	7.23	9.08	403.9	278.07
881014	277.01	274.08	246.667	337	6.16667	11.8333	160240	8256.88	119121	6328.63	7.32	8.94	407.6	275.50
881021	283.66	281.16	252.333	329	12	15.1667	195410	12152.9	138722	4654.75	7.36	8.91	410.2	283.66
881028	279.48	277.29	286	346.333	3.16667	9.16667	181550	10293.1	106012	5160	7.45	8.88	411.5	278.53
881104	279.20	276.31	157.333	253.333	4.16667	8.83333	143580	3204.63	105622	4204.25	7.37	8.88	421.0	276.31
881111	273.69	267.00	97.3333	200	1.5	6.33333	135500	1196.5	109676	2473.38	7.54	8.80	420.3	267.92
881118	266.62	264.62	280.333	298.333	1.33333	4.33333	119320	9987.5	103242	4216.13	7.82	8.98	417.7	266.45
881125	269.00	266.47	173.333	236.667	3.83333	3.5	72090	3135.88	50064	2260.5	7.97	9.08	419.2	267.23
881202	272.49	270.47	205.333	316.333	2.83333	6.66667	124610	5728.38	125023	7671.25	8.05	9.13	424.2	271.81
881209	277.82	276.34	256.333	334.667	4.83333	9.66667	133770	7603	113557	3532.75	8.04	9.11	419.7	277.03
881216	276.29	274.31	332.667	409.333	5	10	196480	15958.6	133140	8565	7.98	9.00	411.7	276.28
881223	277.99	276.88	283.667	332	4.5	8.16667	81760	6163.13	77712	4565.38	8.14	9.02	416.4	277.83
881230	279.78	277.72	315	500.333	8.83333	15.8333	127210	6174	136938	8034.75	8.22	8.97	410.9	277.72
890106	282.06	280.01	321.333	403.333	8	16.5	161330	12487.4	123650	6529.63	8.24	9.00	406.3	280.67
890113	284.12	282.71	278.667	321	10	16.5	132320	8368.13	122863	5888	8.36	9.08	405.5	283.87
890120	287.04	285.75	219.667	357.333	11.8333	17.6667	166100	9586.5	152073	7113.38	8.30	9.00	405.5	286.62
890127	296.08	291.69	309.667	365.333	27.3333	25.3333	254870	21988.5	176201	8776.63	8.26	8.87	399.7	293.81
890203	297.66	296.15	264	372.667	15.5	21	172980	11392.8	143345	8335.63	8.33	8.81	390.0	296.97
890210	295.91	291.96	100.333	222.667	3.83333	10.5	173560	4080.5	132731	3124.13	8.57	8.83	389.6	292.02
890217	297.12	294.69	315.333	370.667	9.16667	18.3333	159520	11924.9	114149	6389.25	8.49	8.90	380.4	296.76
890224	292.03	287.13	109	242	3.66667	10.1667	160680	3390.63	122908	3505.5	8.51	9.07	388.4	287.13
890303	291.18	289.44	288.333	374	13.8333	19.5	151790	12257.1	135991	7648	8.73	9.13	386.4	291.18
890310	293.91	291.60	204	354.333	6	15	146830	5919.25	133369	5813.38	8.65	9.15	393.5	292.88
890317	299.38	291.09	75	182.333	4.16667	8.33333	242900	2875	139349	2004.5	8.69	9.09	394.3	292.70
890323	291.51	288.56	194.667	317.333	4	10.1667	153750	5803.38	149178	6878.75	9.00	9.17	394.9	288.98
890331	294.96	292.53	346	392	12.5	17.8333	170960	15589.5	125012	7336.13	9.10	9.27	383.2	294.87
890407	297.62	294.35	293.667	347	15.1667	29.5	156950	12763.6	133578	5462.25	8.87	9.17	382.2	297.16
890414	301.38	296.42	358	427	14.8333	32.5	169780	16946	144651	10593.6	8.71	9.05	386.2	301.36
890421	309.61	306.19	312.667	389.667	20.1667	32.6667	187310	16107.8	149468	7846.25	8.57	9.10	384.0	309.61
890428	309.65	308.48	246	347	20	31	158390	9522.38	129239	6972	8.66	9.00	377.5	309.64
890505	310.69	306.98	273.333	358	19	34.6667	180810	10730.1	156066	9408.88	8.64	8.95	375.7	307.61
890512	313.84	306.95	404.667	414.667	27.8333	39.5	221490	23221.9	166355	12227.5	8.41	8.97	377.3	313.84
890519	321.38	317.97	344	373.333	38.1667	38.5	242410	20451.8	181959	9881	8.21	9.02	365.5	321.24
890526	321.59	319.14	339.667	362.667	20.6667	29	143120	12247.8	116990	7209.63	8.32	8.80	365.8	321.59
890602	325.63	321.98	380.333	406.333	48.3333	46.8333	229140	20662.1	163797	10237	8.50	8.63	361.5	325.52
890609	327.32	325.16	253	301.333	29.6667	21.8333	173240	9278.75	140442	6307.88	8.17	8.58	368.2	326.69
890616	321.36	318.69	270.333	320.667	10.3333	16.1667	244510	17785.9	132112	6789.75	8.13	8.33	365.3	321.35
890623	328.00	322.33	359.333	377.333	24.5	18.6667	198720	19147.8	153145	8424.75	8.22	8.22	370.0	328.00
890630	319.97	314.38	213.667	278.667	5.33333	8.16667	170490	6344.5	137104	4461.75	8.07	8.30	373.0	317.98
890707	325.87	321.09	354.667	397.667	21.3333	18	166430	14629.9	120315	7228.88	7.96	8.10	383.5	324.91
890714	331.89	327.13	273	321.333	24.3333	23	183480	12262.9	128852	6634.13	7.76	8.09	370.8	331.84
890721	335.91	332.46	241	333.667	13.6667	18	174880	11649.1	144763	5980.38	7.87	8.05	372.4	335.90
890728	342.96	341.30	273	313	34	22.1667	180610	11862.3	128904	6501.63	8.09	8.14	369.7	342.15
890804	345.42	342.60	214	296.333	24.3333	19	169750	8908.5	133671	7376.25	7.65	8.08	370.5	343.92
890811	351.18	344.01	195.333	297.333	25.6667	34.6667	197550	6212.75	139264	5212.63	7.94	7.91	361.9	344.74
890818	346.03	343.89	258.667	332.667	8.66667	17.8333	145810	10418	134520	6726.25	8.01	8.10	366.2	346.03
890825	352.73	350.09	238.667	335	22.5	26.1667	165930	8763	126728	6735	7.99	8.17	360.4	350.52
890901	353.90	350.88	299	332	19.8333	22	133300	10756.5	113463	6815.25	7.94	8.19	359.4	353.73
890908	349.18	345.74	248.667	375.667	9.83333	17.1667	154090	8594.13	130063	8280.75	7.88	8.20	359.6	348.76
890915	345.06	341.37	217	295	3.5	11.8333	234870	14531.1	130917	5872.75	7.64	8.11	355.7	345.06
890922	347.57	345.69	249	328.333	8.66667	15.3333	133350	8216.63	148886	6631.13	7.64	8.10	364.9	347.05
890929	350.39	348.19	295	389.333	16.8333	21.8333	155300	10110.8	136377	8482.5	7.72	8.14	366.5	349.15
891006	359.05	356.97	260	336.667	25	27.5	172520	12262.8	155993	9812.13	7.83	8.26	363.0	358.78
891013	355.53	332.81	51	126.667	4	12.1667	251170	684.625	167706	1876	7.63	8.13	363.2	333.65
891020	347.57	344.47	220.667	345	5.33333	10.8333	164830	8295.75	158158	6780.75	7.37	7.99	365.6	347.16
891027	337.97	333.26	138.667	231.667	3.16667	5.83333	170330	4694.5	132787	3158.5	7.52	7.99	372.6	335.06
891103	339.67	337.37	214.333	332	6.33333	8.16667	131500	6511.63	110468	4480.25	7.78	7.91	380.5	337.62
891110	339.10	336.59	300.333	335.333	9	9.66667	131800	9989.25	109047	5954.63	7.67	7.91	385.3	339.10
891117	342.24	339.85	255.333	343	7.83333	12.6667	151020	9588.88	121390	6078.38	7.68	7.91	392.0	341.61
891124	344.24	341.91	310.333	309.333	10.5	12.3333	86290	7287.5	53676	3437.25	7.61	7.89	409.9	343.97
891201	351.88	345.99	330	336.667	16	13	199200	16657.8	138467	7681.5	7.63	7.90	413.8	350.63
891208	349.60	347.59	271	337.667	10	11.5	144910	9145	128145	6089	7.55	7.91	409.3	348.69
891215	351.86	346.08	206.333	305.333	11.5	8.16667	240390	9151.5	144387	5398.13	7.60	7.90	412.7	350.14
891222	347.53	344.76	337	409.333	9	11	120980	10079.5	110231	7951.25	7.62	7.88	412.8	347.42
891229	353.41	350.68	361	499.667	15.5	14.6667	145940	11494.8	164112	10862	7.77	7.85	402.9	353.40
900105	355.67	351.35	197	324	5.66667	12.8333	158530	5734	137227	6307.75	7.64	7.98	405.0	352.20
900112	348.49	339.49	72.3333	160.667	3.5	6.16667	183880	1130.38	143504	1924.25	7.57	8.04	416.3	339.93
900119	340.48	338.19	276.667	369	2.33333	8.66667	185590	11158.6	152166	10213.3	7.68	8.12	408.7	339.15
900126	328.58	321.44	185.667	248	1.33333	4	198190	9434.5	136339	5142.38	7.66	8.29	418.0	325.80
900202	332.10	328.09	334.667	384.333	2.66667	5.66667	164400	12906.6	135020	8323.25	7.77	8.40	418.0	330.92
900209	334.60	332.41	275.333	335.667	3.66667	5.33333	146910	8990.13	125327	6382.5	7.83	8.50	415.5	333.62
900216	335.64	332.42	253.333	325.667	5	6.33333	166840	7291.63	122220	5611.63	7.65	8.51	416.5	332.72
900223	326.15	322.10	156	252.333	0.5	3.83333	148490	4456.38	117222	4794.5	7.80	8.43	415.8	324.15
900302	335.54	332.72	327.333	382.667	4.83333	6.5	164330	13900	132375	9122.88	7.98	8.61	405.0	335.54
900309	340.27	336.84	200.667	296.667	4.66667	10.3333	150410	4929.5	135115	6767.75	7.85	8.53	399.3	337.93
900316	341.91	338.12	294.667	368	7	13.8333	222520	20148.3	176039	13596.8	7.96	8.60	400.6	341.91
900323	337.58	335.69	294.667	370.333	3	8	132070	9769.88	130737	7536.38	7.97	8.63	393.5	337.22
900330	341.41	338.21	243.333	313.333	2	7	139340	6189.25	126626	5477.88	7.85	8.49	368.5	339.94
900406	341.73	338.94	207.333	291.333	4.16667	14.5	137490	5054.88	136570	4733.75	7.83	8.53	377.7	340.08
900412	344.79	341.91	302.667	356	4.66667	3	142470	10992	141413	9752.88	7.80	8.56	375.5	344.34
900420	338.52	333.41	133.667	254.667	2	10.8333	174260	3732.13	150319	4918.13	7.71	8.58	376.0	335.12
900427	333.57	328.71	134.333	253.333	2.16667	10.3333	130630	2263.25	116013	3941.75	7.78	8.80	371.6	329.11
900504	338.46	335.17	340	363.667	4.5	16.6667	140550	12423.4	136811	9245.25	7.91	9.00	371.3	338.39
900511	352.31	343.84	427.333	401	13.3333	24.6667	234040	26600.8	167564	12970.1	7.79	8.98	368.5	352.00
900518	354.64	352.52	247.333	353.333	8.16667	26	162520	9631.63	191411	13390.5	7.67	8.80	369.9	354.64
900525	358.40	354.32	181	275	4.33333	14.5	120250	4156	152188	4284.38	7.74	8.64	366.5	354.58
900601	363.52	361.21	326	377.333	11.1667	28.5	187860	14577.4	168058	12618.3	7.80	8.63	363.4	363.16
900608	363.49	357.68	152.667	252.667	3.66667	14.3333	142600	3457.25	137902	4674.88	7.69	8.56	353.5	358.71
900615	363.14	360.71	203.667	336.333	6.33333	22.1667	205130	10425.9	168499	9102.13	7.73	8.44	346.9	362.91
900622	363.20	355.31	202.333	290.667	9.5	17.5	172570	5069.88	167538	10351.5	7.74	8.42	348.4	355.43
900629	359.09	357.30	318	396.667	8.83333	24.5	145500	9412.5	158811	9570.13	7.78	8.49	352.2	358.02
900706	359.02	354.64	283.667	318.667	7.33333	13.8333	111730	8464.63	101399	6386.38	7.73	8.49	361.1	358.42
900713	369.68	365.47	318	361	26.5	27.8333	215600	15439.6	160592	8453.38	7.81	8.44	363.6	367.31
900720	366.64	361.58	195	306.667	8	13.1667	177810	4988.5	174577	8432.88	7.62	8.53	361.0	361.61
900727	355.94	352.14	176.667	260	4	9.66667	149070	5326.25	121805	4154.75	7.49	8.51	366.7	353.44
900803	351.48	338.20	88	161.333	4.5	4.16667	292360	4118.38	203174	2956.38	7.50	8.54	379.0	344.86
900810	339.94	334.22	149.333	240.667	1.16667	4.33333	145340	4155.38	112033	3087.75	7.23	8.44	389.3	335.52
900817	332.36	324.63	103.333	174	2.5	3	212560	4563	146946	2422.38	7.41	8.82	410.6	327.83
900824	311.65	306.18	318.667	413.333	0.333333	1.5	199040	16650	161078	13086.8	7.41	8.84	410.3	311.51
900831	322.57	316.59	295	328	0.333333	2.16667	96480	8372.75	79851	5423.75	7.49	9.03	387.7	322.56
900907	324.18	319.71	307.333	322.333	1.66667	3.5	123800	9095	103159	6026.25	7.39	9.00	384.6	323.40
900914	318.65	314.76	157.333	246.333	1.33333	2.5	133390	3926.38	103494	3802.13	7.41	8.97	386.2	316.83
900921	312.17	307.98	198.333	243.333	1.66667	4	201050	10187.4	124238	3765.63	7.39	8.97	389.3	311.32
900928	306.05	295.98	292.333	330.333	0.166667	1.16667	201010	16595.8	157507	9369.13	7.32	9.06	408.4	306.05
901005	314.79	305.76	199.333	234.667	0.333333	1.33333	153380	7191.88	109639	4942.63	7.18	9.10	395.6	311.50
901012	301.68	295.22	305.667	326.333	0.5	0.833333	187940	15355	132333	7574.5	7.19	8.83	388.2	300.03
901019	312.47	305.74	376.333	357.667	2.33333	1.33333	221480	19774.8	151114	10688.3	7.18	9.02	372.0	312.47
901026	310.17	304.71	121.333	310	0.166667	1.16667	130190	1772.25	101497	2411.75	7.20	8.88	373.7	304.71
901102	311.94	306.88	363.667	362.333	1.83333	1.5	168700	16026.8	112654	8484.5	7.12	8.77	377.5	311.85
901109	313.78	307.61	374.333	365	1.66667	1.83333	145160	13881.6	113555	7779.13	7.07	8.77	385.7	313.74
901116	318.80	314.99	255.333	283.333	1.5	2.33333	165440	9327.25	131971	4098.88	7.05	8.67	376.3	317.12
901123	317.30	315.06	216.667	269.333	1.33333	1.83333	63350	2930.63	69416	2675.25	7.08	8.51	383.6	315.10
901130	323.02	315.42	375.333	387.667	3.33333	4.66667	192350	17980	131280	8465.38	7.02	8.47	384.8	322.22
901207	329.39	326.39	253	286.333	2.83333	2.83333	164950	7369.38	124579	5713.5	7.06	8.44	370.8	327.75
901214	329.34	325.16	175.333	246.667	1.16667	3.83333	150880	4408.75	119503	3507.63	6.86	8.32	373.2	326.82
901221	332.47	330.12	257.667	335.667	4.5	5.66667	233400	13654	147608	7710.63	6.78	8.13	383.7	331.75
901228	328.72	327.24	237.333	291.333	3.66667	4.33333	111040	5968.5	132328	4988.63	6.52	8.20	386.2	328.72
910104	322.35	318.87	263.333	263	1.5	3.5	140820	6989	103833	5055.38	6.52	8.31	387.4	321.00
910111	315.24	313.59	250.333	270	2	2.33333	123050	6615.75	107143	5223.63	6.52	8.18	390.6	315.23
910118	332.23	327.08	278.667	257.667	3.5	5.66667	226770	19173.8	138660	7347.63	6.12	8.38	378.2	332.23
910125	336.92	334.20	327.333	379.667	10.3333	14	194350	13773.3	158079	12144.6	6.14	8.31	374.2	336.07
910201	344.90	340.37	341	399	18	21.3333	246670	15012.8	168220	11451.4	6.22	8.22	364.5	343.05
910208	359.35	356.02	324.667	372.333	15	12.8333	187840	14156.4	168167	11799.9	5.97	8.19	370.0	359.35
910215	369.49	364.23	391	395.333	16.1667	13.3333	222370	20359.4	155034	10542.3	5.86	8.01	365.5	369.06
910222	370.96	364.23	273.333	359.333	17.3333	20.5	218760	15025.8	177008	12346.4	5.92	7.97	358.8	365.65
910301	370.47	363.73	317.667	364.667	12	20.3333	221510	17836	160529	10621	6.01	8.03	366.9	370.47
910308	378.69	374.43	264.667	363.333	17.1667	21.8333	206850	10314	187910	12430.5	6.09	8.16	368.5	374.95
910315	374.58	370.21	187	303	8.33333	13	237660	11835.1	157723	8040	5.85	8.27	366.0	373.59
910322	368.22	365.58	264.333	313.333	8.83333	15.3333	160890	8931.88	168085	10607.4	5.83	8.24	362.7	367.48
910328	376.60	374.40	286.333	385.333	15.6667	25.5	150750	8310.5	184300	11966.1	5.86	8.36	355.6	375.22
910405	381.12	374.15	200.333	318.667	21.1667	53.3333	187410	5991.38	200264	9099.38	5.98	8.28	358.5	375.36
910412	381.07	376.89	316.667	375.667	21.1667	47.3333	198610	15560.6	185852	11566.8	5.60	8.22	361.9	380.40
910419	388.46	383.90	195	278.667	11	29.5	195510	5825.63	218014	7866.25	5.57	8.21	356.1	384.20
910426	380.11	376.77	224	288	10.3333	18.6667	153860	6047.88	149197	7826.38	5.69	8.16	353.2	379.02
910503	381.00	378.82	249.333	330.667	11.3333	20.8333	158160	8340	142112	7831.75	5.60	8.25	355.5	380.80
910510	383.91	375.61	163.667	266.667	14.6667	27	176730	2828	158353	5737.88	5.50	8.19	356.7	375.74
910517	373.01	369.44	228	288	6.33333	13.1667	174210	8734.5	146200	5723.5	5.50	8.25	356.0	372.39
910524	378.08	375.04	321	333	9	18.6667	124496	10194.5	127999	7202.88	5.50	8.32	355.8	377.49
910531	389.85	385.01	368.667	368.667	25.1667	29.8333	231683	18689.8	157375	9367	5.46	8.29	360.4	389.83
910607	383.63	378.76	155	254.667	7.66667	17.3333	167826	4057.5	145817	5497.63	5.59	8.26	367.0	379.43
910614	382.30	377.63	341.667	362.667	7.33333	17.8333	167530	14194.5	135002	8614.88	5.60	8.39	367.7	382.29
910621	377.75	375.33	280	315.667	4.16667	11.8333	193110	13908	151133	6842.63	5.61	8.50	366.2	377.75
910628	374.40	367.98	225.667	320	3.16667	12.3333	162670	5540.63	160333	7550.25	5.58	8.50	368.3	371.16
910705	375.51	372.17	265	226.667	3.16667	7.16667	69790	4419.88	56256	3207.38	5.59	8.49	369.2	374.08
910712	381.41	375.79	341.333	360.333	13	20.6667	173060	13406.6	155468	11308.1	5.58	8.45	367.8	380.25
910719	385.83	383.65	251	326.667	13	19.6667	187290	9147.63	176996	9523.5	5.56	8.50	370.0	384.22
910726	381.76	379.81	260	327.333	7.83333	16.6667	127690	7181.13	124564	7458.88	5.60	8.47	364.1	380.93
910802	389.56	386.05	298	319	16.3333	21.5	162050	9100	148488	8699.75	5.58	8.43	357.8	387.18
910809	389.89	387.04	231.667	296.667	15.1667	20.3333	143610	5955.38	140777	6174.88	5.51	8.35	358.2	387.12
910816	390.41	382.59	166.667	288.667	11.5	19.6667	188360	5465.25	135102	4343.38	5.30	8.21	357.7	385.58
910823	395.34	390.69	324.333	363	19.6667	26.3333	187010	13590.1	172115	10643.4	5.17	8.13	353.7	394.17
910830	396.80	393.60	262	314.667	13.3333	20.3333	125830	6401.75	129403	5904.75	5.40	8.09	347.4	395.43
910906	390.71	387.36	254	313	12.8333	14.6667	166410	8339.63	149328	8132.5	5.34	8.08	348.0	389.10
910913	387.95	382.85	227.333	303.333	13.1667	20	167800	4602.88	166631	7075.38	5.29	8.06	344.2	383.59
910920	388.82	386.49	303.667	386	21.8333	25	241340	15585.3	226512	16873.6	5.19	7.99	348.6	387.92
910927	389.09	384.87	264.333	313.667	22	19.6667	160430	7984.75	168295	8905.5	5.18	7.92	348.4	385.90
911004	385.19	381.24	222.667	300.333	14.5	12.1667	163920	6005.63	151232	8046.88	5.11	7.88	356.3	381.24
911011	381.46	379.90	305.333	340.333	11.3333	11.8333	146560	10377.4	145013	9103.25	5.04	7.82	357.7	381.45
911018	392.80	391.77	300	378.333	25.3333	29.8333	204030	12687.6	212126	13512.5	4.99	7.88	359.6	392.50
911025	386.13	382.97	227.333	293.333	7	13.3333	167260	8346.88	173954	7123	5.04	7.93	362.0	384.20
911101	395.10	389.67	257.333	323.667	17.8333	27.6667	205750	11157.9	205424	11848.3	4.99	8.07	357.7	391.32
911108	396.43	392.42	298.667	364	23.6667	29.1667	183260	9275.88	211433	14966.3	4.74	7.94	352.9	392.89
911115	397.16	382.62	111.333	171.333	13	16	236000	1462.63	255475	3178.38	4.64	7.96	355.5	382.62
911122	380.05	374.52	169	265.667	4.66667	8	188110	4238.75	167080	6981.38	4.58	7.84	367.9	376.14
911129	376.55	374.65	258.333	309.667	3.66667	6.83333	76790	3152	66316	3566	4.44	7.92	367.1	375.22
911206	382.39	375.41	291.333	331	12	11.3333	198170	11684.3	171831	9930	4.39	7.96	367.7	379.10
911213	385.04	381.55	363.333	406.667	12	15.8333	194470	14236.5	178703	13428.9	4.21	7.86	359.0	384.47
911220	388.24	382.52	379.333	363.333	19.6667	12.8333	313810	25852.9	189260	9080.63	4.14	7.79	358.3	387.04
911227	406.58	404.59	361.667	427.667	37.5	35.6667	155940	11458.4	163367	11468.5	3.75	7.71	353.3	406.46
920103	419.79	416.16	359.667	481.667	29.8333	35.3333	219170	15806.1	214203	17240	3.91	7.52	353.0	419.34
920110	417.62	413.31	223	348	20.3333	33.8333	236060	8444.13	259430	12525.3	3.85	7.45	357.9	415.10
920117	419.45	416.00	307.333	422.667	26	38.1667	284560	16600.6	282488	19828	3.83	7.43	355.9	418.86
920124	417.27	414.29	302.667	434	15.3333	29.8333	213600	12933.9	240936	16355.1	3.78	7.57	353.2	415.48
920131	412.63	408.64	249.333	401	13.3333	26	197060	8921.88	226155	12812.4	3.84	7.65	354.1	408.79
920207	415.29	408.04	234	366	20	35.5	230950	10728.6	238055	11313.4	3.86	7.74	356.2	411.09
920214	413.84	411.20	262	370.333	16.1667	24.6667	214840	11571.1	206288	10839.1	3.72	7.77	354.1	412.48
920221	414.26	409.72	241.667	366	19.3333	25.6667	259540	10817	246848	12646.6	3.83	7.84	351.6	411.46
920228	416.06	411.80	275	399	13.8333	27.8333	202130	9343	204640	11752.5	3.96	7.94	353.1	412.70
920306	407.51	403.65	200.667	299	5.16667	13.3333	185040	6290.5	193071	7897.25	4.02	7.88	349.4	404.44
920313	406.69	403.92	329	397	4.83333	15.3333	176000	12143.5	165613	10752.5	4.02	7.92	347.2	405.84
920320	411.30	408.53	306.667	347.333	15.1667	18.6667	246710	16514.5	191500	10445.6	4.09	7.97	338.8	411.30
920327	407.86	402.87	149.667	243.667	3.16667	8.66667	166020	2925.63	203963	3636.63	4.08	8.03	340.5	403.50
920403	401.59	398.21	229.667	285.667	1.83333	6.33333	188530	8667.88	193926	7666.75	4.08	7.97	340.6	401.55
920410	405.12	400.59	407	422.333	3.83333	11.5	199450	15935	179521	7967.25	3.95	7.92	341.9	404.29
920416	416.28	413.40	268.333	284.667	11.5	17.5	232480	13031.9	198477	5249.13	3.60	7.89	336.7	416.04
920424	412.48	408.74	274.333	358	9.66667	15.8333	198750	9932.75	165967	5440.25	3.69	7.89	336.5	409.02
920501	415.21	409.87	264.667	351.333	9.66667	12	177360	7349.75	147295	8376.13	3.71	8.04	337.5	412.53
920508	416.85	414.41	284.333	335	12.3333	13.5	168670	9919.5	154707	8231	3.65	8.06	336.9	416.05
920515	413.14	409.85	209.333	309.333	6.33333	9	192040	5786.63	142887	7017.75	3.64	7.98	339.0	410.09
920522	414.82	412.60	324.333	352	8	12.5	188128	10626.9	124852	7114.38	3.61	7.86	337.7	414.02
920529	418.36	415.35	330.667	421.667	11	14.8333	202730	12403.4	188630	13548.8	3.75	7.81	337.5	415.35
920605	413.85	410.97	260	307	8.66667	11.3333	199050	9395	168391	6852.88	3.75	7.89	338.8	413.48
920612	411.86	409.08	342	386	5.66667	8.83333	181830	11979.8	149514	8771.13	3.71	7.87	339.6	409.76
920619	404.23	400.96	338	446.667	4.33333	9.66667	233440	17861.5	177568	11630.1	3.66	7.87	343.5	403.67
920626	403.51	401.94	285	389	4.33333	6.5	154430	7959.38	150107	7956.25	3.67	7.83	343.5	403.45
920702	415.71	410.07	310.667	378	17.5	15.8333	220130	12727.4	194651	5984.13	3.59	7.82	347.1	411.77
920710	415.88	413.34	341	464	15.8333	20.3333	164750	11398.3	151505	10963	3.23	7.74	348.7	414.62
920717	417.54	412.97	204.333	315	10.3333	8.66667	187520	6907.88	146773	4813.5	3.22	7.62	356.7	415.62
920724	412.07	409.93	283.667	390	9.33333	11	163870	8241.25	167782	9348.75	3.16	7.66	357.6	411.60
920731	424.80	422.46	332.333	442	23.8333	18.5	172920	9567.88	168785	11033	3.18	7.61	357.8	424.22
920807	423.45	418.51	257.667	397.667	13.5	13	188340	7092.75	149676	8142.75	3.20	7.46	349.9	418.88
920814	420.40	417.74	366.333	422	13	13.3333	166180	11108.5	145646	8155.5	3.13	7.43	335.7	419.91
920821	420.35	413.58	223	361.333	12.1667	10.3333	202640	6476.13	167300	6772.38	3.10	7.34	336.9	414.85
920828	414.95	413.38	318.333	385.667	9.33333	8.33333	152230	9533.38	127111	6737.88	3.14	7.34	340.0	414.84
920904	418.62	416.76	270	347.333	9.5	9.16667	124340	5515.13	122378	5602.63	3.17	7.44	342.0	417.08
920911	420.58	419.14	292.333	429.333	14.5	17.5	180640	9861.38	188327	13572.4	2.91	7.37	340.0	419.58
920918	422.92	419.92	367	423.333	10.1667	13.6667	236080	18178.1	199417	11948.4	2.89	7.26	346.2	422.92
920925	418.63	412.71	201	307.333	7.5	9.16667	213650	5575.38	198494	7120.75	2.91	7.32	349.7	414.35
921002	416.35	410.45	151	281.333	5.16667	7.66667	187400	2733.25	169960	5444.5	2.73	7.41	348.0	410.47
921009	407.75	402.42	177	331.667	4.66667	9.5	178910	4003.25	170243	7783.5	2.67	7.34	350.1	402.66
921016	411.73	407.43	324.333	403	7.66667	12	234480	14927.1	183835	14755.3	2.88	7.44	341.7	411.73
921023	416.23	413.68	305	432	8.16667	16.5	197590	10643.9	229239	13976.3	2.94	7.52	342.5	414.10
921030	421.13	418.54	289.333	422.333	9.5	15.6667	196740	9386.38	193083	10264.5	2.97	7.62	339.2	418.68
921106	418.35	417.01	297.333	433.333	13	25	204870	12159.5	229153	16310.4	3.05	7.63	337.1	417.58
921113	422.91	421.04	307.333	456	12.1667	21	192320	10421.1	201466	13321.3	3.10	7.69	334.4	422.43
921120	426.98	423.61	367.667	478.667	19	28.5	256340	20243.3	248037	16809.1	3.13	7.64	336.1	426.65
921127	431.93	429.17	328	390.667	15.3333	27.8333	106010	7455.88	93931	6675.38	3.27	7.54	334.3	430.16
921204	432.89	429.74	333.667	497.667	18.3333	38.8333	227410	14394.9	261112	19887.4	3.31	7.56	335.6	432.06
921211	434.55	433.34	280	414.333	6	18	164450	8112	213167	11784.5	3.29	7.56	335.1	433.73
921218	441.29	435.46	426.333	462	22.6667	23.8333	371030	33557.4	244063	15738.4	3.26	7.44	337.0	441.28
921224	439.81	439.03	318	430.333	10.3333	19.8333	95170	5632.88	106263	7317.5	3.16	7.44	333.0	439.77
921231	439.59	435.71	375.333	601	17.5	32.3333	165910	10000.4	203188	14176.4	3.22	7.36	333.3	435.71
